libAGFX.so
libActionAIJni.so
456477
414978
634686
78663
296577
109215
375784
129907
159003
987938
517027
954905
954906
957975
367482
367483
367484
198874
421423
553603
274005
173017
800522
994095
984105
586980
354666
401405
548313
149166
261176
260192
281425
260193
260194
86234
970331
112060
708117
607207
76095
885419
288044
275338
22810
582849
210041
806271
177726
924248
178593
922760
438375
346219
526487
404670
565125
287755
579875
186082
186083
186084
379044
795936
210421
134622
698417
591014
466025
596263
466026
184505
466027
387313
824052
768407
948846
994720
229087
869817
307523
118269
58473
871383
123223
266905
992692
590995
842300
313412
393327
225777
874449
378078
178213
45995
743936
697427
70209
546990
419264
404151
233226
434079
733090
120061
758043
756634
96450
918344
569447
979891
432248
608532
280700
695593
290579
983774
983775
150570
299053
614002
983779
796384
863751
496818
230060
983792
983793
39282
566714
430978
528628
901140
698206
748603
922068
683366
922927
323540
709617
882708
937074
937075
70824
88196
88197
650110
546825
591311
248096
956133
633528
209247
991126
991127
465965
991128
300229
500445
579199
128452
721405
743467
642105
288632
348092
434981
524489
985509
644340
723653
479203
172071
530095
631511
612957
546871
211942
434491
661247
154000
71223
7163
211833
515629
427154
125989
176606
718431
91084
432603
52990
53389
896822
503244
866223
843575
560084
689205
125128
524442
721185
158219
529101
848992
912855
142325
150653
580466
458807
203246
795680
815027
669873
568036
950863
39148
156016
31477
788056
147690
233944
168258
400381
961914
25344
577968
485289
978867
391146
191281
490745
394821
83277
632240
417219
746158
216312
956234
616407
274773
525338
608972
790825
210512
767377
443883
809452
281843
573666
509886
412215
146471
346643
919507
432191
181985
727493
401910
65595
386093
254858
283509
711274
383449
383450
768491
383451
116839
935136
895776
944907
83160
801132
645616
646596
677483
595253
804694
479033
847243
787815
734473
136750
410157
361160
980243
980244
816197
961302
413613
802682
865861
63027
433568
38705
872351
732899
528308
603663
9742
492271
178592
669710
614196
910704
614197
615086
288748
282344
282345
391602
282290
147095
199936
635423
869267
685349
829760
917709
583195
632826
929244
812499
445363
893833
216019
294455
675084
139057
371614
45405
731499
525934
790201
525935
445671
647229
858315
253837
673261
782044
194790
829232
300344
879291
112146
380259
584319
313665
542169
730868
431498
684359
325737
325738
325739
126117
862060
808974
402957
808748
241804
556379
120003
684641
267632
917017
682525
720993
720994
720995
390108
850683
913558
679151
309147
38412
309148
387708
593895
498357
188392
44523
821677
315270
405768
707162
407889
634985
200746
341732
57756
637042
287841
359971
533757
196179
674274
863941
287161
335937
115384
425283
29538
833197
110825
445259
781675
libAndroidPitayaCore.so
66903
76656
540469
191340
85581
145423
326658
916784
467733
393830
470782
32017
562327
732423
213845
368460
214708
649208
850176
842432
862049
978546
317761
675773
197969
453721
723466
308995
386484
430530
384356
199159
195500
724910
4529
904734
711246
208124
420423
633708
320493
46728
944113
5745
575260
19978
160773
989564
671177
809113
802762
965557
176775
281087
111119
315025
614529
539440
365578
914784
882299
456543
855992
782549
457749
803257
882075
995748
565961
822952
706459
852643
944130
606225
579144
717546
789593
839387
339635
43904
66660
447713
661837
libAndroidPitayaProxy.so
320403
496572
874006
libBDPythonVM.so
787791
400438
616180
360744
931508
997131
694818
474878
925780
788328
243453
77080
335486
650033
537833
29453
773165
477550
175602
922380
178501
libByteAIDT.so
libByteAINN.so
libByteVC1_dec.so
libCepEngine.so
747415
211551
830324
729688
168878
7668
930199
152933
360103
258471
720170
239267
733634
libCepPackage.so
449897
65026
65581
574112
47431
364688
860706
550364
392517
libCutSameJni.so
120545
207071
227081
932514
106223
382448
651521
208603
390324
75029
728082
160401
107457
libDavinciResourceJni.so
632887
327180
500972
978377
897640
404707
943001
273244
522096
631411
242226
957266
265964
350386
265965
371604
573429
816546
333683
518881
656012
656013
26142
390726
231243
145622
179522
902832
60073
320734
404774
902515
53463
370526
370527
297592
188524
980091
701746
303829
573796
557470
400620
284598
23120
910708
931571
799604
430390
426716
792167
189535
35349
594976
232977
413390
515876
946971
855420
501885
996806
747872
113716
235423
590820
946421
503292
312765
913119
883214
16234
109095
830926
702288
702289
705574
479177
266172
813419
333802
508800
184832
920392
491734
411881
803118
732835
177866
932308
689496
912057
409173
468149
197869
818737
241099
75183
1141
902364
531830
739397
353200
511031
736883
608044
72183
11582
303771
879806
519791
519792
514953
167325
896282
664460
963258
927805
914098
312986
521868
65137
134095
793921
964780
50076
50077
399669
652894
808553
50078
50079
896841
764271
50080
50081
826641
50082
31560
32450
182732
50083
30989
921563
50084
253370
44264
50085
44265
110537
796530
167306
749951
544327
962007
425358
58027
122551
678411
49813
993130
15187
936139
264806
782216
42057
716782
45366
955382
731410
414638
600406
893544
511345
636982
491441
568204
893545
495036
388376
824831
893546
152304
300286
937015
300287
230437
300288
14145
806989
525100
754846
524988
658039
679778
524989
524990
412446
760784
222317
975591
313370
83745
313371
689698
45518
195800
313372
802239
82019
123605
43045
388319
631783
741389
438426
895919
553949
43915
268534
21962
19806
55125
675152
597307
438286
274569
741859
440285
444328
440286
398450
986399
260502
435678
628423
692846
650256
991674
162026
434835
773852
517153
235385
731312
731313
87882
409404
45274
515195
922464
187684
30064
187685
460929
187686
932839
187687
262559
460930
277734
332036
81532
610375
394488
969371
151409
37803
591656
832105
388322
890097
618728
913315
890098
282515
341397
168630
417948
742970
107869
447903
287153
782655
591289
61042
782656
782657
782658
233966
984972
763381
723466
214002
265991
140441
698657
56704
203824
548758
356521
678431
322412
775964
407643
345104
733804
872021
20591
545793
188881
751650
282659
747242
203350
164162
924884
68746
650480
68747
17705
443689
780861
685301
84453
767049
421320
20644
7310
431016
65822
801887
693853
145141
205584
447831
334418
389503
313286
227070
113828
69237
645070
928517
425072
118953
70895
852186
242383
852187
16775
700962
961121
359236
202494
372477
406567
917645
885089
535716
162076
179732
86017
436772
916244
498288
675442
628692
34152
795640
385871
453840
234223
440781
229868
717225
698369
351186
97521
173807
633210
859038
537251
395074
775356
600864
998468
421617
320517
891502
4148
679503
54612
75375
891732
155856
891733
914035
807607
335610
29843
53428
815520
562998
311602
510652
584469
584470
864758
192800
121176
719716
515476
121177
397718
117614
932543
752151
611359
672634
588979
588980
864928
730293
654432
890969
280991
314340
280992
926555
280993
711147
426564
186875
834964
426565
93332
79458
41329
41330
842508
41331
529351
41332
444501
852948
444502
51591
228388
638478
924444
853943
853542
358914
196035
295480
816318
153505
313207
314307
877826
662960
442719
107619
519909
624427
715796
558004
770798
574426
313767
977562
122267
494727
48015
59242
450731
483527
173400
542590
542591
870454
138159
746333
275738
47397
771290
275721
188110
56294
152162
386231
152163
209103
117766
800170
647031
800171
152167
166714
421811
863864
354624
575899
370193
93294
189579
978510
318923
772111
24080
938970
152180
152181
866283
801789
502295
48484
980051
497964
61083
698073
884835
5181
221316
463799
288465
161091
811737
781320
275373
505539
183762
509028
676545
484477
622983
676546
676547
422934
173714
674683
389995
505813
975961
181767
702176
668737
106362
830362
17004
817781
740704
665014
469490
977617
886858
295406
521807
707324
642077
515363
295407
744713
1288
110763
199853
711141
820274
180584
326495
505626
662866
391670
235375
libEffectCreatorJni.so
22273
39849
253612
799525
22274
548252
307213
548253
22275
384509
533118
55537
570612
467259
791542
298766
560204
497018
116105
497019
151352
391177
160048
26065
636080
889823
720477
849766
497319
35479
936989
360034
936990
537431
2894
101034
864389
637659
596282
148029
596283
966383
569324
654647
534357
253039
508766
164849
950652
142858
142859
951088
220122
109361
541653
825130
541654
179627
822840
820365
583415
471685
377497
970587
617682
962112
935154
962113
670160
372704
786175
43552
652061
40959
769776
918634
725706
997863
37736
765331
61901
301481
7085
319611
988462
836077
137576
708546
900271
900272
511317
330272
525249
241414
701173
178616
642503
773
522724
436480
874686
698295
32875
577605
557102
577606
879492
300821
802588
363395
469834
114657
651034
152778
114658
577248
127379
793130
846292
577249
355516
324813
226482
577250
612228
217097
180462
954716
21049
825999
699172
995954
258871
778518
154404
851164
505753
719500
82233
851165
678994
82234
82235
82236
520009
397597
722847
397598
722848
229676
771360
599567
643423
722849
229677
106368
722850
993674
722851
416341
676393
722852
62736
757019
81273
722561
798015
808340
345990
282377
613382
4375
21232
165309
972951
148783
153652
972952
153653
354190
432623
354191
891468
629170
432624
629171
996571
479557
617107
44104
749818
588104
388086
778210
853127
502519
784323
853128
887921
380829
624147
369189
180203
84089
94021
703553
446011
992582
809959
731788
809960
289156
69193
882624
680452
740861
802606
916666
79025
79026
696181
603634
696182
399791
565992
351274
367652
523394
932840
33592
312753
329687
156276
156277
905259
118226
988667
484814
191733
279040
561242
686318
644468
570790
871122
813837
979298
98360
932111
629854
256776
167079
629855
569982
467739
874519
474666
704692
172123
906015
49810
557286
614377
87885
592975
793056
530907
895230
435430
697497
435431
861254
861255
855910
586215
855911
153499
312746
249696
61504
394803
405295
650732
405296
534659
920813
288446
234682
22301
877446
351670
272546
156211
984970
879101
156212
238111
45469
905764
744237
902872
905765
243928
189123
638310
390829
90429
109097
338941
911450
914621
155290
252941
4776
252942
283293
73363
887337
186631
887338
373298
221053
221054
661316
830941
830942
719161
893726
215312
394836
945449
669023
25906
284807
10047
262854
960127
70382
941369
642443
225456
842005
238144
568483
31840
779467
737847
951100
450990
8895
501706
464053
796242
540035
796243
753604
725851
824972
679626
662394
679627
653740
332971
861249
87570
653741
653742
307421
296172
588693
760039
258956
972298
970142
970143
20963
970144
194656
909032
918320
970145
918321
752908
970146
752909
752910
194698
372328
919741
760693
237375
245733
774738
532647
378839
242978
319388
319389
720096
299709
753135
765448
992657
10711
181379
24714
558174
1888
1889
81156
988590
502920
69930
686717
917037
556128
275112
245364
275113
394476
55918
774049
614797
471731
677996
862244
900618
19012
4321
262386
318541
898867
49572
685497
274077
821400
501582
16159
16160
466686
847602
206728
725277
445300
491155
297981
491156
22330
787366
113869
113870
113871
497926
419242
350250
556161
692076
991721
633967
208921
634448
829348
117479
877818
693274
212284
693275
25697
693276
367037
302832
693277
466573
693278
693279
998095
693280
693281
508149
590750
274495
919067
61226
780208
284862
258653
239582
284863
4045
843464
843465
89084
727245
954185
727246
880083
306609
426659
769468
889598
999739
999740
423762
119443
119444
391477
150252
5721
571389
980621
506928
348519
506929
129950
168120
883060
30494
192118
684419
110064
275615
168357
687663
523436
870408
471127
597120
851321
867501
918796
624591
8769
757180
894693
844913
286929
761968
917929
948249
917930
699332
170179
699333
613080
140717
707497
566340
929506
365724
836440
82080
899759
60763
555923
68579
792117
813719
792118
963637
199449
794753
205538
64674
947198
148945
896737
745486
555294
148389
586187
650203
905566
338277
401500
618384
690579
871678
742749
742750
5331
181080
712583
553869
930047
482309
930048
673265
274624
685607
987018
839335
248968
253237
454873
962221
482916
620429
456766
408493
524418
311745
993138
907936
189420
907937
608176
907938
596634
907939
689515
941648
473355
973884
861628
211939
772403
211940
239884
322055
490450
242008
370509
683722
277210
683723
207488
699902
699903
716707
252763
952116
579555
716817
711330
307994
603901
884728
374774
738364
238284
738365
238285
924623
945521
424320
924624
183464
332299
571606
135715
371683
137962
842066
288189
245360
646294
85492
375018
309990
943811
505088
234416
486587
955502
820911
820912
486588
115737
57003
303469
691280
808457
368006
749691
977656
597678
952943
952944
597679
47659
752347
382085
414913
414914
546540
143245
102620
414915
696761
738675
12109
258498
706954
10209
640660
137064
840795
840796
840797
47791
323148
323149
20959
323150
20960
694039
323151
450028
771306
583543
771900
975599
180627
776645
225775
265972
260796
610384
134101
926193
601528
807624
915493
957570
365956
134102
395175
440920
365957
771454
134103
125721
740156
995321
337014
419412
752018
216574
317943
97786
360336
180872
267998
529321
33685
308971
573463
573464
737117
579907
573465
779988
646313
14361
629587
151102
67774
808467
629588
417016
67775
998820
529361
864328
67776
573147
260109
36799
373724
677764
677765
12210
578183
194147
408274
123507
805856
388540
674529
417842
495458
805857
929167
417843
623624
955144
929168
35525
35526
929169
929170
35527
35528
929171
71014
35529
929172
35530
929173
868587
238487
941824
929174
685418
868588
453784
55422
868589
411225
889804
766119
824496
826121
94691
619247
628346
313014
901231
187057
628347
773582
772114
665372
145855
986532
456305
857291
512675
242815
325211
830370
55855
794781
241614
526815
251625
251626
365621
251627
353875
353876
502045
710909
249786
738026
339125
40623
615664
615665
615666
824796
4616
615667
30961
403073
763881
451830
403022
265376
146070
313418
368484
36877
205843
995762
358608
144019
177843
995763
779366
262661
262662
262663
574331
122261
453828
824419
824420
898472
910013
262543
776733
910014
195946
319656
393232
647993
63145
763782
301725
586153
182041
341400
79215
665121
302437
568098
602860
841012
234609
89681
234610
372800
332499
963181
336286
720567
963182
26489
382142
561215
758523
547522
56862
807735
238382
460263
253581
510627
789758
726053
716374
470560
860348
406186
319247
129309
766589
319248
714760
210666
193338
65403
27965
973505
885799
330359
597366
160737
750344
27966
597367
160738
308387
73818
330360
36504
378046
160739
537525
597368
537526
597369
618797
674594
778581
505102
663949
488849
663950
236783
557833
712209
612036
707885
347089
131055
607740
707886
607741
747793
810579
492283
885396
755217
885397
97637
255016
254571
337182
331077
964009
883558
141034
601758
736336
346775
692342
740163
84242
564200
970889
66034
379575
686245
156318
705685
156319
618031
23964
827232
887253
441022
215275
495990
566505
766338
941117
390880
453647
756400
269291
147882
868664
586746
503960
239154
792199
891121
174382
56982
174383
137184
973423
978315
898288
978316
898289
978317
75120
327718
75121
289515
718510
80046
122402
126908
365640
965500
383280
510368
233372
876509
391268
388043
811234
250101
744112
881625
372233
442934
989923
284460
307631
86796
714838
652354
833643
207384
547537
712242
847881
704342
689099
807108
266537
989582
459466
529033
371049
632389
371777
689100
371778
838953
535131
404245
123418
101515
501610
501611
501612
636171
454727
29080
595531
310420
680219
433882
661146
156869
491362
509588
161097
160228
384346
610795
6619
7950
384347
967383
388432
266107
420815
758793
566287
514062
84498
269782
368761
951901
128034
475829
233190
30756
641922
339066
443321
979188
985682
979189
369473
369474
422478
179273
759617
910037
838986
827475
382109
768638
768639
762355
542148
121127
562819
341444
949787
176352
258465
54027
949788
10931
738774
165960
233684
543718
165961
233685
543719
791266
849145
872511
53205
205795
83093
53206
848560
83094
578136
129981
191684
352142
867600
399180
682480
22005
85794
308987
806586
959223
733723
846783
194420
509193
28790
804553
526472
163984
37024
436152
240394
520337
252105
496507
995634
766235
496508
705642
496509
496510
848908
72981
496511
354709
839067
186285
920089
496512
844148
888280
496513
496514
319231
821954
499641
419917
603386
74169
499642
610261
603387
74170
499643
396065
499644
266317
303405
499645
499646
272176
678530
993197
272177
694841
173002
117868
694842
754512
678212
546608
808954
252596
401722
236752
6085
464510
432224
724790
319549
974903
319550
874819
744450
579857
523660
901280
130177
778012
808729
970925
808730
55873
199730
662247
997141
662248
777228
747377
512237
512238
14613
539311
146278
917008
879600
577394
247728
439329
6630
692799
667638
6631
486449
667639
667640
357121
98241
557781
455134
729338
357056
430104
347268
604672
769384
428250
240106
769385
428251
62059
937085
507591
870273
422113
865237
783273
896383
186674
303332
899922
290518
289045
289046
214751
214752
289047
880457
832647
483456
809562
441378
913448
483457
235378
44966
127258
948225
204954
483927
870256
204955
483928
649026
870257
604019
649027
942076
28839
129555
870258
857174
635085
501586
803118
444933
120067
510332
202066
452947
488485
202067
500815
422681
626114
977466
898868
138009
898869
443237
138010
138011
166567
898870
81281
138012
138013
138014
959602
809595
465642
961866
455935
713498
360412
320540
477474
254125
376985
453297
810397
992264
403897
992265
609808
929861
667107
941814
149351
941815
984338
604806
194738
7348
138940
548559
602365
131920
547204
547205
64219
482932
592859
592860
346513
866944
455114
766298
640000
413205
923157
287646
283504
465675
363674
884063
363675
363676
485575
884064
777262
700118
884065
209018
885404
438041
948866
438042
249475
810430
138683
465292
750521
152389
798257
391636
892303
316048
514774
391637
477121
735735
391638
835770
391639
334749
137607
433993
255131
98762
255132
459294
76613
485351
245173
269182
459295
245174
91292
181778
490376
467823
505757
181779
553170
89094
352502
129633
511277
866170
657719
657720
278627
163458
425308
905255
578192
958874
338760
942522
623274
100479
336109
5725
530257
449283
468627
470571
665525
900269
409882
665526
172772
320051
651819
227220
63949
532981
439850
861444
439851
21929
241503
239069
902731
614896
501989
679274
413988
446825
877942
449167
995195
670122
781932
834468
621471
366507
607616
713129
860670
447782
637364
987172
447783
987173
847340
106768
414240
426479
793830
858757
960355
169764
225352
540597
714498
295577
787660
97209
603818
751812
48736
744739
336047
830396
374975
863441
336048
573261
252650
342550
41693
283827
283828
925430
495632
490488
490489
764368
439727
103563
884870
499500
884871
725959
934486
294563
485027
151483
39848
436830
libEffectEditorABTestJni.so
233794
429110
23173
709580
155827
799445
209996
641514
libEffectEditorJni.so
385750
407258
372906
339637
456002
879489
947525
428853
607605
62363
902328
333972
114625
976143
656401
656402
35303
196654
990052
656403
656404
122308
656405
938276
656406
498090
3440
320580
656407
163389
656408
480221
388003
733323
162860
733324
656409
616810
656410
731372
158221
311560
782312
242827
660053
380849
822604
265286
999970
902779
925375
717437
50983
656965
686528
505784
128149
350562
209096
195500
466005
865721
73212
464531
330096
940295
703422
888664
938135
694441
940296
940297
656073
533131
136594
910922
374041
538819
374042
586538
581623
85507
586539
994735
738921
361037
465350
360021
53653
428004
966272
682916
950588
82839
727374
540128
416819
519068
222222
552751
447768
902408
290063
377871
604497
667865
701556
914537
871987
420044
550855
821086
228426
37552
309686
147784
372682
844733
439865
225352
439866
222603
758259
442934
996002
449417
660747
948151
275299
563386
370030
861978
695954
885753
833964
951757
942802
418783
563832
990372
778536
994986
395825
377939
33113
740841
201612
540790
32676
220382
830339
971580
540791
286456
831840
680718
615424
724489
66545
12291
539505
860984
227193
888859
71187
247531
960504
40246
356596
261741
149101
730849
49543
626898
787091
167096
374157
745072
801394
403786
596302
203886
667833
149267
339829
910629
26062
684478
760604
854025
119597
596518
596519
377070
119598
990384
885705
596520
179057
315243
648569
632576
517638
84857
516246
401383
516247
708507
323807
340812
752304
105666
249826
231879
406748
287083
272769
189016
264766
270328
454911
420770
388442
52808
691451
958742
173038
290885
792247
390269
128289
94380
409940
395382
75082
210254
269259
410142
531947
531948
692238
422320
151265
765331
476168
386967
641977
63653
210010
610058
730895
968554
704129
856119
70209
234439
855326
207093
787885
175928
602140
822725
679300
701950
658832
545813
831133
89240
438263
811507
344990
331252
205077
13432
47159
180417
636654
726384
510797
508795
993932
441146
588708
629045
66301
142030
531159
588709
588710
700996
330280
862150
653447
83126
880711
606663
244711
449460
697074
99524
575370
81561
267386
173901
501467
652563
345222
692332
258296
354889
920715
310739
126434
181738
53590
339987
490155
296040
476396
475521
62130
923826
197048
567652
989117
222151
524802
482835
878079
803924
759274
945674
953498
410167
931611
181492
931612
30463
789080
115221
931613
789081
487735
925931
534564
925932
libEncryptor.so
libMediaRenderJni.so
libNLEEditorJni.so
186107
390284
297885
568842
157955
603371
223906
188913
356822
608608
572995
255529
433594
10500
15852
213373
297916
529043
561406
221263
798970
924198
924199
15422
944200
924200
614464
362418
587839
809759
889104
420783
57524
485676
698192
585561
881164
753674
481835
948206
802928
277769
156911
729889
32968
357628
64795
760210
436531
189296
660241
238038
202136
846696
178504
92517
925612
610975
878992
323187
411548
826832
283726
75339
717889
185144
823050
557664
46801
377389
422010
108974
173927
821619
915659
559657
883973
945307
883795
209967
837130
764007
983805
943259
755110
752187
635856
103972
992797
99545
269025
585514
672011
640860
228233
650236
104992
45717
645199
676047
676048
585501
503172
7069
411461
576616
135346
840276
734180
703579
332314
623959
950558
552863
178917
552864
552865
196031
807208
196032
339920
898520
295503
545326
784787
704845
590365
482080
764843
343644
895524
727599
490317
247313
874715
348108
961024
408418
942008
537857
19330
90600
276854
675494
201287
512874
756306
756307
538006
907106
387342
418436
361124
216184
281574
281575
936349
628051
984532
305989
131540
131541
415112
415113
118117
132734
325602
325603
194771
47526
325604
251372
758303
113418
559919
744593
100068
683377
891623
218870
256294
869552
587049
92006
87348
87349
172465
995019
313409
525592
438454
717997
458291
746586
458818
402531
620476
89329
897023
845278
893644
579902
893645
974522
236046
156024
426979
274504
274505
820333
833681
838854
471288
802862
222580
769168
749051
603470
625069
958940
246221
599268
599269
599270
322929
110692
893115
603696
50709
570845
532097
941463
321314
273335
967051
615493
660566
660567
493903
245095
392202
29273
128138
679090
993003
165475
784709
508354
111914
23904
222719
930404
714393
983801
632146
879798
605271
653050
936007
928351
855555
892618
253655
117051
468805
915112
97386
749973
494696
712457
244198
87411
861716
51133
394658
117438
913544
626732
220564
49468
617305
393340
173162
762763
300847
530169
122028
965757
226527
668574
778663
179726
740616
655702
609904
991336
853685
963787
31846
690498
600707
600708
89248
188909
188910
525445
658994
716929
107685
790084
728928
790085
317292
790086
276961
602739
276962
947750
962608
604571
276966
844880
433091
173902
990338
799330
370697
550619
681305
550620
768303
515408
123293
883416
276979
142269
276980
142270
89638
843340
378245
318514
82344
400612
753878
909923
400613
619842
642159
662616
527062
652557
862656
152444
980054
181750
220173
89296
238066
735916
256892
837546
249595
535217
266923
874382
932485
530805
412887
179325
32882
394220
762973
10694
317699
935745
542621
904857
912439
865690
131006
718679
810742
528320
733469
667424
378461
511430
473542
383979
763758
975139
224887
474818
431022
357230
920402
421363
586437
319303
167274
309516
953128
645774
106885
387588
814250
171368
91762
97902
933413
138732
225952
87882
783155
317356
972651
644892
229646
764419
327726
907431
759555
907432
55853
787183
371785
732746
755572
861865
108116
727995
659693
768774
836772
132222
659694
836773
132223
901222
132224
836774
473409
879034
229526
229527
397364
397365
504778
353168
397366
383730
218177
798860
4381
213522
621740
147942
386556
497650
741405
125027
600279
426517
125755
659149
674428
500893
309819
781818
500894
349360
500895
349361
992775
344529
446202
470823
279672
521671
762638
524068
739717
622695
194549
140557
734616
214070
845344
873515
420492
812259
393882
381903
256588
39584
419052
571262
854505
106569
211253
432182
489071
354486
887947
901413
869654
197118
561164
161998
194784
828029
724618
548302
175012
323442
786424
974814
238794
707705
740511
369616
375725
395835
491803
58406
425235
527829
116685
355042
355043
355044
31814
631950
413038
143081
830671
217369
914422
68597
941920
846291
392408
527222
527223
251382
196780
970135
448555
328320
728936
415050
843018
447789
974802
494776
944606
369890
860750
160780
101895
430359
396780
155361
327159
943540
771762
429504
103174
618434
558611
633563
404424
37114
209745
902172
464460
333720
103227
496726
19264
519192
181410
67189
67190
250464
35381
921491
182872
130213
484681
388080
757
182651
233188
534600
480129
296581
700688
129446
839900
639712
779851
390136
906543
555675
111499
947731
243018
61351
432103
883882
557999
499590
131903
477560
687829
328461
478764
851431
431533
514209
534839
507770
368284
880105
759530
807171
428743
873600
7064
760223
287450
896685
784135
784136
612792
565213
238123
193946
817693
876722
609882
396073
680200
666664
605520
442451
675776
820276
691657
759671
509631
903657
369298
83785
112714
221443
441384
200654
570973
387778
388170
245547
466922
28239
635389
459952
797918
498611
536435
387350
892211
2920
838157
911740
440539
497117
909557
449729
195383
405800
313651
585436
531116
571595
345259
236839
848902
704684
931418
886204
955436
283563
499281
283564
926584
283565
144568
508364
681507
833522
729772
99088
110814
749566
664417
677735
832285
635241
771915
398890
627275
627276
705017
192250
412196
813132
913886
723745
611740
683201
902503
801160
592939
634213
634214
324473
127576
538660
157737
701435
11360
592970
282972
988315
573208
22101
880630
915187
860171
673242
769583
408269
663119
615444
997901
375987
997902
604388
788225
275
696745
650636
324956
840634
230784
230785
508194
308866
492704
18916
486006
46925
554891
388997
365506
184762
110376
722862
583890
356443
287502
779957
200934
838711
278357
742170
134424
189812
721188
609116
410239
202945
886313
685026
374213
927139
991160
618743
69505
685049
142949
544436
709031
470670
110454
114454
720721
169120
619471
826730
242591
600809
248037
66867
89691
980948
417702
866241
196531
866242
414330
637698
710582
694306
583358
841723
841724
841725
780996
311261
925124
656456
241591
241592
241593
834131
130653
257337
25651
518042
801469
52202
909662
362864
860648
505486
538513
473916
354648
95299
652936
597950
19226
615807
736546
354904
443171
963216
557062
645189
263074
38074
653101
429997
381009
881191
613683
209436
663617
829349
363990
633236
785281
521846
869921
852194
974672
71107
238774
685435
171856
142673
834042
567789
418990
460959
466247
588761
588762
504822
413771
504823
588763
504824
655821
116937
999380
784142
243301
415678
468078
484273
542758
887450
536590
308203
527636
1915
603643
35159
270024
608009
906424
789800
789801
395675
414176
223561
936830
96349
936831
162348
902662
281422
868424
524498
36476
227022
82654
746080
391629
317101
540167
401568
617569
616421
643812
486851
40896
40897
881057
642186
33859
356773
540097
968896
874718
761229
672538
663949
916172
429122
534615
359749
526360
330705
418298
446910
338762
141142
508476
747056
346411
745814
210138
476809
918293
113783
603331
394544
307744
781842
693190
247039
465128
565636
685852
915317
644410
967200
502778
967201
944205
87140
113911
113912
113913
396811
314736
365034
824928
613347
842375
277255
412798
576722
775049
259980
561867
704661
64970
993997
631178
702454
526614
948861
852975
425318
332429
217549
74629
118868
599669
118869
152234
118870
390375
522535
783345
783346
789281
109350
456954
155425
320574
697758
320575
96927
320576
423357
600533
761675
546012
386048
528423
224321
445250
711244
614186
266356
891786
293016
323059
466821
179375
963993
401124
646624
419246
756955
953400
984707
910952
487869
368777
307662
600961
799492
248758
627490
676972
839993
179028
320445
179029
790306
630984
341019
644325
70969
157608
289696
964050
447026
486310
400017
57312
340104
168187
970981
865542
447900
22122
395062
214744
617781
20574
579020
827781
943037
310187
580181
955086
353103
421471
61861
586665
743591
402631
983203
955945
955946
767094
113848
203150
38072
203151
203152
437672
900097
151351
827899
799806
815143
587006
844971
345425
13004
722319
13005
336371
414944
231850
120529
651295
989170
27566
159541
172898
746934
22421
607449
481769
151784
492221
199334
937434
937435
479611
233730
616145
578925
530702
632648
623197
352533
33720
788754
788755
724809
934533
191071
383560
450517
957827
396143
651769
896950
114187
853764
605243
941929
847241
847242
67953
847243
67954
113365
43279
980800
424194
760031
989169
1136
683524
990856
25124
25125
886668
473213
950992
719317
139731
632660
473214
139732
836190
441776
664645
921263
648947
717441
748176
242993
769831
248163
919584
919585
362971
919586
396346
678621
849664
78236
922607
207014
194555
677286
326868
201274
918013
487076
517146
590043
457643
785936
487221
81767
722155
847948
426985
264249
487675
426986
426987
984275
264483
407481
722104
407482
735177
929754
341543
350311
934410
950061
950062
906731
556413
518907
205307
926060
307112
212731
392873
936781
962657
165420
586822
586823
586824
805847
931740
384687
953260
520824
398656
614002
282363
180268
594289
234041
539143
698808
986338
698809
471731
272452
698810
613186
766440
332692
170072
557581
758284
658514
982277
736813
912639
74223
395350
630786
298524
882841
269128
292942
269129
997272
187061
139877
800989
341556
893247
543994
768790
735382
250234
748881
401982
789917
789918
195393
789919
202781
373300
34957
95702
949986
117329
533616
375183
733971
834028
651671
374674
213633
374675
139258
712044
509375
405398
2948
717400
252258
749304
791936
671913
350386
8889
787770
471550
410216
964885
483715
131498
800722
312779
703846
292573
425677
904043
939717
998686
196178
998687
578817
630132
576601
913248
15209
469053
681335
571533
311904
311905
669764
589286
195455
878078
179969
302880
317500
852787
764075
75398
217263
74731
172683
251575
229171
819572
947319
248309
241433
342258
713310
300842
795262
629528
573658
396880
323164
352703
328411
328412
328413
456530
998342
456531
456532
999838
216460
898635
528421
400410
884564
950057
842081
476035
206831
882084
165449
9098
842417
277259
428225
782327
201188
885184
592677
266252
224840
106490
525228
783596
501342
426839
997693
241163
668889
661511
501688
627546
405651
365299
726941
256369
497341
504490
551158
966392
435771
146078
149095
493293
838950
750611
543439
321829
170439
832335
329895
155450
666650
385794
385795
155451
908360
155452
57174
596024
27654
405582
274335
405583
405584
56982
708939
543329
504559
145523
964576
354827
297842
836128
17452
705763
90092
51914
282747
918915
517227
180450
199395
56813
654307
403686
405570
558826
588241
592687
957804
392132
435609
859193
664612
284874
421590
128790
863845
624229
664114
356117
346
706258
676536
295796
171524
719326
592275
196024
536378
886675
515846
531106
601056
34492
638467
170638
358936
196227
486267
917469
622686
344038
344039
952101
310892
150946
358697
949099
949100
669742
116525
806669
411150
867507
279803
419704
703420
579367
463865
857189
463866
452762
561799
463867
974924
561800
349892
461155
612404
873378
465010
618786
701142
336200
485071
699965
600419
961665
143143
845961
460402
460403
460404
264271
149893
687105
454920
82561
144696
251255
414380
956066
871455
329076
340518
727631
922318
798791
580109
27782
396151
321045
596780
681400
517923
924429
734066
855387
614029
941771
181362
452910
152983
800753
816626
210361
892630
473103
434165
473104
679767
792129
792130
792131
684401
684402
959259
684403
959260
787596
189807
610398
366497
936034
398344
669905
961208
353172
279830
991693
79284
820671
100342
504344
441191
639044
611897
53315
923252
856451
366012
48876
729449
485300
94444
11182
161384
929107
265584
835413
82204
895107
150966
213039
786104
980366
798281
853558
10679
853559
497029
940999
121635
462549
438139
333788
169755
409424
220591
409425
661269
439429
87418
352036
823683
309811
133674
702822
674960
810111
242579
928802
75897
688084
419198
277792
910289
219650
18353
8288
57591
113413
200270
37997
648179
625742
538711
992332
859965
975559
835939
345287
331290
404792
780798
820602
151072
861875
737877
592758
994683
982139
907341
634540
650179
775390
143457
128277
548164
755661
845477
245273
658148
686366
319972
897236
861234
861235
10744
856501
856502
856503
903939
939138
939139
78574
901930
612438
905704
853129
684970
207226
160658
230833
643823
732385
220201
854209
521396
480668
879472
333255
409414
691689
763253
995709
656626
576866
873531
873532
191194
411091
517069
681430
606810
21551
715475
337193
230007
498643
27157
248799
135848
319
542500
19412
642614
407250
407251
349981
407252
726616
75303
926035
895771
649381
685250
102425
438956
114142
221201
401715
390568
440806
625097
669393
546124
603406
504221
397938
568153
414870
908891
414871
414872
644049
174988
887203
887204
787558
259831
514465
15679
353902
960631
888640
448552
633572
43041
472484
394625
397755
271825
608827
223077
137439
436391
975283
975284
91429
840992
642904
595349
19588
489753
239219
490286
490287
881787
772646
864775
345488
987035
610003
987036
162139
60687
414222
386368
127667
655289
234569
78178
623111
722882
23837
985505
320451
308880
408551
778665
517937
299108
119564
280962
766111
48035
834725
542242
346084
563808
211255
727070
471275
751441
892789
749872
705021
86594
939920
910809
432319
432320
723224
723225
198464
432321
857868
731519
949054
289234
128991
512950
745088
92032
92626
431994
440688
950476
912543
434911
591389
474862
699440
153575
483548
553633
477994
95782
685440
502027
988645
748695
978015
541562
362920
362921
365804
588766
176776
540986
653136
82950
18554
18555
688033
519547
138526
704539
410525
771653
835957
196361
356668
185565
813421
934977
100176
211824
167034
152893
294225
104185
313415
641518
422700
670192
753343
92134
515251
268607
614921
621747
880705
683713
124061
683714
383145
865304
303648
820663
721189
216190
981035
191360
485443
834398
387383
439329
90333
130638
83221
21915
433217
267631
982300
171896
835782
910475
253488
167227
270758
572658
57610
899320
249153
793905
900419
552759
312891
540784
367928
458590
661933
394523
420739
685950
724964
78220
152852
771480
78908
662724
332386
924849
581777
976143
332387
869804
636195
644543
804336
733679
559112
215621
854299
491093
438274
876219
633425
235812
520017
681979
603444
119113
575011
450148
417083
120182
587175
721350
275189
428129
927994
233467
155770
896322
91287
31004
730446
270876
735672
561946
178203
931983
231905
316459
792736
162412
792737
875122
493953
446340
265373
550887
822944
137789
43939
343267
191658
191659
904549
326930
197273
549262
525816
780638
753049
355808
362633
913909
452590
639244
593372
804743
301787
278413
346296
410509
328566
25203
328567
328568
327218
759413
477877
390663
463613
390664
354869
564258
707498
144788
628060
342372
372004
29329
333872
140560
621558
326853
267343
261314
592479
554458
267344
959899
537867
695625
136831
899847
296469
702015
252579
366494
816506
157028
132413
631854
458121
157029
157030
689895
440113
644958
732814
732815
97198
751630
683101
526078
135150
656494
746818
417425
656495
656496
446292
859674
26449
990766
601527
626384
478046
307876
708886
558344
511343
643299
487591
266530
453078
131351
739196
798520
278881
635984
616667
901296
616668
276114
616669
613899
227579
694468
373401
227580
530991
774177
204953
986078
985976
30631
712329
604059
731957
132588
622582
431200
289104
289105
261990
684601
860601
107234
580669
94854
94855
630968
872850
14222
449343
385614
669629
771687
848858
123491
61944
66924
63668
717925
965654
75401
706215
652903
835175
955030
625916
995389
890148
23747
705537
550193
55147
747333
78667
850491
830444
461696
369909
410828
422186
263915
272395
921976
104115
584384
715890
635750
909969
771254
374433
500431
582510
344181
461305
340062
366066
828292
474300
642215
192183
145366
434458
304761
568654
361262
299830
556026
615259
615260
777925
615261
885890
564611
577747
358355
244997
844231
140994
165459
283623
692749
160605
562196
287481
296702
879159
232312
466425
633291
633292
467799
207320
774075
40770
968105
774076
774077
840085
209596
877036
326159
799430
253080
397330
326915
821610
515315
137215
24553
468203
233269
809523
531960
451845
484157
170535
397515
471763
479857
479858
471764
527514
265126
479859
471765
479860
866311
349938
466162
81404
904068
81405
62240
237283
238979
55556
125846
990564
44935
260030
874090
858544
730035
218305
716581
125716
365061
45552
561401
862704
852682
628887
291781
191712
363049
129552
571094
454614
897902
732642
3096
66360
367766
451746
199457
706580
246179
994498
667615
316148
697175
743147
477646
629530
199813
692986
141414
386538
133456
386539
4910
580286
392202
867685
395802
203729
167098
881904
599454
920442
652609
949349
22986
26104
189069
486148
646725
40567
114080
71600
83111
511412
623291
391680
643700
935556
417651
643701
735248
122490
371659
132026
763271
432583
138768
59646
324270
236803
604522
262548
311407
155485
655527
360415
80776
320345
80777
644364
80778
195988
811015
269788
192045
647475
338662
75100
373095
911662
35770
975880
657719
870383
93484
369819
166732
948916
165869
637615
11349
734883
200663
994156
848564
914263
764560
799836
667985
12312
67819
83097
597072
79187
332815
395164
445776
979883
771454
614315
530961
570455
613240
658017
251670
863621
784850
903441
97740
923082
321687
736599
954201
826473
441267
146541
378893
441268
378894
441269
327528
856460
336550
891178
304638
371359
180184
478342
608403
299357
794702
767875
684071
828153
90813
357590
506549
277942
51662
876285
11439
588590
885452
78755
588591
826539
588592
927851
115003
802385
441793
400212
509033
739238
668505
708358
470771
751933
30030
798511
821624
167659
621731
358274
358275
241428
358276
825120
368095
780329
593537
585394
312103
585395
585396
905646
101890
256727
745914
281086
427483
45692
653826
183614
129025
18337
203116
441331
994023
105009
660924
268067
230533
1529
19522
208404
354702
302115
589880
727216
205802
882872
482243
329030
965038
787680
572180
671224
811280
229465
73238
350248
853913
283962
26912
735881
857760
736348
874765
695047
2450
454822
515665
469700
641441
495813
500442
90341
549056
707958
561824
100747
250470
492159
980007
897703
7492
748740
473548
567517
631063
857871
39539
15393
557777
229487
551443
33256
774268
290223
953983
459408
907555
892368
537229
100303
76959
310856
707816
503697
363272
312254
90847
840819
617464
617465
795447
642386
84091
328900
847218
353745
38271
467805
762039
973265
61953
780111
949428
270429
270430
336744
930713
111493
769616
463884
649744
871660
433464
217818
421454
482074
685673
942045
124687
94178
109935
947960
94179
225162
347764
639919
342042
325371
766845
602534
190658
180717
19661
889427
73479
897272
453181
809442
307803
931419
655506
556459
556460
465059
2779
306201
51498
166658
449962
670426
719837
230141
419082
597277
684286
831440
245545
8574
768369
27145
775485
510983
206439
683617
231953
354433
104938
154181
869684
225383
163559
70858
382796
503909
668237
379959
837028
731713
443983
346495
528346
305425
88785
650984
910877
910878
910879
73388
967803
609276
408687
721815
187827
412358
275058
871946
35801
173660
552877
353187
518404
597240
666601
666602
932874
308194
466814
436592
641171
285294
461754
889948
895791
118384
537132
277662
313308
422454
564337
556982
987464
924543
543612
133901
489954
395784
275151
745623
59504
749171
468291
727117
172672
404552
638525
811666
66505
90962
794590
465046
313717
985258
357441
496498
640888
363082
967298
899571
647001
991161
41971
157467
14865
102732
791460
767704
595578
891728
287451
31716
936523
707590
795722
765502
795723
207324
95048
855258
842321
364972
405845
364973
557706
258065
776994
154062
68108
458657
378390
547122
393792
422301
89072
695787
95631
364745
926056
100774
443569
115342
50426
397704
885710
792308
475927
893518
42794
317645
317646
3537
194979
454910
683982
817769
924072
535737
461779
225687
56332
866489
866490
866491
781324
505269
950283
413462
913712
127489
913713
863522
913714
748240
690457
885170
992171
527419
888165
910920
959118
155791
474193
418379
543040
563916
241380
336412
429545
371100
724621
595155
724622
404469
963970
359111
726910
267289
825542
645334
874879
459476
105076
305035
131634
370908
305036
164160
305037
757969
37060
757970
116744
292569
96084
512770
51859
911566
855683
764429
599719
727443
718437
471626
199588
780829
266044
922700
45338
919374
598053
359622
118426
871877
651016
895084
895085
432542
895086
630954
285151
107748
107749
202101
640879
418754
521233
179101
853302
353581
315117
405270
803751
109827
173276
833523
592579
163329
307018
47319
136795
854376
280230
948801
717317
717318
22968
673309
22969
22970
920025
380745
22971
libNLEMediaJni.so
492581
767996
833135
146134
630325
917143
850245
128068
794728
496068
551121
425750
970767
356748
455963
65318
649653
884239
884240
268826
776711
344047
364787
890018
129765
467872
907699
585706
978305
732469
603785
556465
101288
723886
251133
207043
597527
528147
441483
486526
813644
242257
285482
13692
242258
263610
242259
559001
285483
713914
242260
810956
726790
351488
268240
797503
843169
643393
863313
141136
108438
445569
934461
55959
7234
564189
983835
438818
369816
639136
469031
161718
249343
301698
65466
953763
493092
954351
230512
211389
281894
139414
357115
342912
789779
142833
480940
837274
314351
629353
776724
68616
291842
961338
616853
569533
39086
103302
127545
13715
634036
220786
792603
219703
220111
264201
514737
529465
672768
77150
243048
641499
454551
138511
26760
572069
160667
726982
150250
284007
303271
706552
739858
760155
706553
438979
706554
438980
281308
438981
810571
795562
282968
458637
557383
121506
348640
20302
553827
182725
145502
262411
314766
966831
506160
224457
243580
967419
586515
13780
862458
866522
850342
726719
708243
789792
327419
642421
685907
81684
304910
685908
197369
974406
820368
367030
685909
116370
140613
499522
26783
647104
233854
805671
232771
527805
685836
70625
797807
13585
482063
654567
927587
390927
426294
851275
396253
151579
753259
248117
494686
52169
297075
427265
316339
541954
73823
111707
773223
746797
144078
617364
874912
395840
296036
570451
421990
212262
566895
580040
195793
523996
777091
696487
599583
878387
26848
875526
349594
806297
46141
879590
276131
721311
281637
607167
210437
957515
7277
225990
833436
380098
370167
979254
738404
855249
356071
856297
466496
357493
468399
26653
157411
83693
810875
495131
77424
447941
190485
725454
320223
45906
409321
725455
864343
955436
766327
983699
261185
507754
307978
818516
440333
97763
970251
157146
813434
986040
507148
885219
435058
689071
593108
537064
809858
911784
891455
362662
819365
198730
444108
170766
732227
374343
157927
239058
20345
992322
383235
945255
385837
751472
579005
854806
869365
481467
524740
381362
461009
553273
90492
203553
58974
271566
996767
449498
150522
326395
208664
472548
110831
172336
983319
945726
751101
823407
917471
898287
520216
999108
480171
842669
923925
606073
822926
42075
534828
286662
457176
393265
761424
745295
668151
479955
387411
170995
668152
769633
969871
455001
618832
684408
398905
60822
958323
517942
73406
688853
366413
394430
260500
580372
566341
284634
993925
297758
25049
280947
25050
462566
25051
129301
163590
963202
333242
221732
787039
485616
764169
930539
608831
728603
317310
82350
526074
493239
936993
619141
868185
42664
762837
762838
603105
753558
547896
375115
299730
493023
406333
547864
215271
740388
658523
405779
982939
782701
468069
631900
803180
67406
526211
145239
531010
86474
379481
731537
708547
273568
585369
593440
849605
949416
6993
849606
174697
310826
844621
346310
976270
503576
144496
918037
945977
660065
741671
621899
539142
330378
62801
95418
146045
525637
730544
440841
853277
631944
55732
679163
881253
557547
607581
487722
557548
616173
766626
354862
481981
333417
990134
753456
418847
560932
491438
432088
651282
993753
80474
158307
539279
196861
744605
597
857689
369797
940491
60641
516644
210367
157564
931105
959045
926834
687594
855092
429265
879827
447977
250315
75869
960691
159113
538705
453909
645012
391284
692231
500790
753354
620649
836872
869698
864352
495049
498233
696877
3202
220168
881064
504506
445156
236005
496668
810703
912994
690996
973646
13665
13857
857364
74845
633652
310674
788547
519208
953559
632808
73709
303766
371609
220180
337726
700662
868160
263383
442333
973759
182632
382787
766422
261181
849940
882766
770123
877420
851768
511301
233236
560579
894132
346086
580447
823771
509736
564210
249073
704064
714187
736280
833253
611374
468894
986714
183536
629058
125407
505785
614883
870432
87913
323742
801615
532276
645876
944906
635194
316834
556040
166616
422914
695850
384677
316777
350794
718596
381204
530619
46931
814982
11077
321843
395855
719236
32407
477093
477094
482126
783191
973832
864836
438564
284829
919969
625176
780611
359154
309466
872078
47417
749348
846321
370748
698631
842833
368572
820063
252955
402023
789697
947679
148426
93257
138475
519887
585078
197394
260217
316802
957974
913323
569108
179684
714766
435982
445060
102091
294898
24198
708918
329845
489125
731664
394272
543687
59999
828050
16702
479513
754928
950782
807999
808000
133066
334911
732304
904075
808001
45475
808002
781660
483000
495194
170482
588405
98827
986900
52250
636585
297897
173192
638244
322534
351719
644970
219834
468464
894631
60485
820894
185688
711699
229596
117986
833131
68285
266023
415091
161494
710818
375202
247395
106325
532955
598146
584459
273285
329870
210462
473458
926391
800576
115217
727834
458128
115159
250542
37266
307966
502193
29770
libNLEMediaPublicJni.so
486711
567048
893414
456423
718656
967812
509219
993172
650890
594347
305083
493929
805002
479777
901464
583212
113185
175318
850631
293557
845905
58755
195872
918207
216862
626616
993106
325681
815780
470575
164097
521495
746933
784600
360489
291051
154330
673018
309127
604446
849205
141568
190498
769428
248731
622837
253339
946782
253340
20948
412557
515704
619850
486470
298777
22457
547872
900955
388370
864925
696540
856284
146695
189068
212583
515080
450123
450124
941613
190718
102500
399093
262084
503351
375670
918815
918816
200095
337780
557481
413087
502810
630463
560457
432657
966199
433695
897495
973387
351578
328643
326205
716794
746580
382256
295705
537358
813558
118822
140575
813559
813560
136464
870420
788052
446234
870421
855911
841415
90423
137283
978470
917427
185563
829760
24684
532785
464347
394444
847008
502916
357449
754212
272207
794516
207477
259755
930545
267723
230635
230636
23923
744126
173856
527213
179409
560726
294201
982897
632695
109374
157748
63281
959605
310648
472795
309472
176117
702770
176118
176119
176120
63574
647103
751372
766434
359368
66937
160150
503699
981512
18704
116888
581209
685979
551944
221647
67708
807938
396517
233297
430248
797467
495513
985941
533139
205070
616818
711959
897388
223197
333333
853280
362007
989586
740350
733031
517817
679285
975454
935420
614034
869993
329643
208283
92599
192987
127402
455080
636150
545914
207076
170557
263948
930647
51712
448574
982281
515581
622071
354567
294653
18807
248619
200746
732313
222242
368523
853643
118598
473167
142078
614255
142079
197590
877234
369288
709747
709748
738873
713557
316715
687023
328246
210434
220509
913730
225558
563306
786297
805295
434214
144595
384851
371891
640233
824403
544019
502794
108067
527637
115784
322167
396087
534740
401843
454548
300211
5687
146592
361505
678744
456324
910446
788988
787341
5590
226413
45284
5636
8381
460422
49116
143249
678080
18440
355400
996460
604967
139656
947193
160463
216983
174128
723319
806952
595871
446978
848082
363336
746118
399579
756627
31508
365430
710984
635352
550409
410897
623082
290400
382332
970056
427505
263749
57890
164290
435506
174736
125388
642043
791773
369184
953277
118325
651099
255724
935994
616710
616711
298971
625368
435659
597416
908368
173773
724791
738416
573277
875251
961433
797246
517406
898716
12334
963759
189300
299064
807442
815485
598202
105144
891830
54012
939101
libNLEMediaRemoteJni.so
508219
704371
912594
974937
227545
92293
546268
373366
718947
681647
14375
277919
794611
163118
354564
728667
319149
320112
675491
685204
270913
634225
324922
264851
150050
883899
715599
590188
341496
759048
306081
487677
672136
77012
421434
257845
187570
299998
333289
457212
184588
493041
303237
90885
199453
704167
747888
592646
104662
530207
754906
34393
951888
532975
63944
431346
662905
10146
286930
521287
171520
290169
925662
896110
988005
240613
105361
974423
732015
694715
430571
21325
430572
295532
3418
333180
93409
649837
688559
734295
768977
504079
659321
libNLEResourcesDAVJni.so
466824
213597
763463
453422
789121
763464
304670
285483
235995
16434
74073
354179
393545
24553
625984
627035
926060
21866
998447
998448
998449
11952
737653
47515
821610
87706
87086
212283
265054
191736
671017
823960
620783
275929
599720
344263
453756
344264
424601
35254
838701
772665
799330
58371
607308
186724
612916
364348
469564
663170
243725
746373
47725
911155
911156
852388
116307
911157
911158
657949
551407
847969
911159
911160
911161
799061
487527
824862
468003
82391
987485
355888
946935
92972
612685
356372
608910
638462
17261
915148
554557
546015
839320
477972
831227
703738
162894
657189
222251
600708
654218
533696
407773
359745
890538
710154
342820
29502
367247
250448
34934
4193
750721
733988
839536
946541
100774
286643
50214
238253
665398
204804
394705
86638
691614
872528
libNLETemplateModelJni.so
478032
214708
230060
625612
251185
607519
696314
484591
50025
1630
492289
903411
946619
830545
982200
374069
896113
151740
930658
785891
300875
400743
300876
623643
450693
404446
640540
627833
83945
286134
219282
349237
482289
723938
602464
645293
240728
911120
373365
578359
654316
612054
575888
261783
167983
238832
274492
183343
588655
338912
997081
148047
997082
733927
307341
424284
679411
408420
679412
610863
683586
633130
272246
904433
434926
341540
505859
880758
53445
758367
570583
815392
99830
336608
296560
336609
402755
44820
483243
604928
978482
532894
202656
576280
769900
198428
113925
364608
76257
870525
531803
985599
56111
608761
943651
665413
972018
530190
174335
363855
728361
299247
17056
831675
577615
716877
876387
620981
776803
257385
58151
577952
911485
187985
307653
593406
682110
653511
19135
637481
4536
727129
249314
916638
870427
411878
110283
251788
405980
797030
667176
888613
143190
888614
173275
269474
888615
829684
98618
581482
139214
338698
177113
177114
987993
177115
987994
175823
447272
987995
965390
540785
250809
205553
138379
828460
112898
129709
542804
549902
543886
458179
820503
907755
879882
560651
272344
392199
322501
392200
4228
137517
976431
587968
940444
801985
569888
111292
201640
919650
612544
639204
982600
221957
246955
556970
852624
951617
564602
801128
74703
41379
750415
578006
884081
743590
787086
965061
607340
530943
959045
695477
87435
351971
645219
286172
87436
798436
811449
838563
711875
972227
931907
6316
74575
763386
680244
86359
86360
320938
571554
47421
884566
759498
839979
430306
45502
701406
803521
791348
966589
978199
440744
464092
699731
60378
606051
853673
243278
564080
853674
435104
330664
669582
967826
409167
308518
591860
481992
106294
187393
888086
473423
libPitayaDebug.so
82251
884286
159711
168239
912897
libPitayaObject.so
libRTCFFmpeg.so
libRealXBase.so
236935
38272
891278
341730
797437
840458
15957
702258
libSmartMovieJni.so
104253
691046
394027
591329
394028
354765
906442
822944
452108
920356
28677
97426
347903
720395
58412
137180
643467
901051
124047
612410
681650
339904
103063
181221
343910
705166
766375
254426
631292
683244
328231
458865
643677
486537
135258
52096
585515
568054
200761
971282
452609
180065
785924
341772
840539
840540
903993
764412
968130
968131
892153
111424
968132
892154
50088
61769
892155
544458
881052
506895
751383
814213
395487
406596
604516
226308
339178
414078
265685
677387
289558
992464
905556
918042
485652
477949
24550
391033
440541
662029
480148
567474
654805
245658
431596
622548
89989
200239
431597
271659
535354
415589
324010
546691
231477
803409
206616
36657
915713
3400
585639
915457
536003
510717
408909
455441
558655
59925
455442
88477
978161
180935
526032
722601
308395
854760
558331
804938
482789
915213
781372
91185
138257
764767
735948
341697
59891
170515
439040
363263
726374
860569
100050
125392
386168
524076
547564
148483
252213
293853
748771
84194
18783
400657
84195
400658
887983
935641
162359
110979
400659
721763
828621
369859
14869
124109
472921
206219
124110
550946
698249
206220
206221
39733
378923
173178
552820
210557
123513
278724
411037
572447
320225
958214
456832
166997
328704
818443
341235
895079
968946
798340
599010
73066
751344
272350
892039
599011
704122
568117
599012
776774
360778
599013
99539
941388
499053
734421
146816
493827
396826
492841
438550
492842
492843
24180
664319
892488
365930
36246
611783
763736
713852
219634
636771
852780
8173
723847
165902
810012
103409
168271
461892
463611
461893
11724
699499
516181
301338
75409
702001
515284
515285
511550
724274
724275
469721
943504
724276
448645
751699
741996
157447
350195
713306
898620
309336
993838
968574
598677
840919
135415
680494
722737
344905
110114
266436
36659
81627
708695
588959
658121
215043
901311
796459
841478
455617
797974
591348
736954
843951
110494
160110
733463
418092
959328
159859
259674
259675
238707
625592
188395
259676
490336
838864
718234
785272
691054
555049
656846
341299
185120
479856
258091
730118
928320
415660
471933
85137
448302
721353
485985
790937
974523
982057
163054
863310
906343
54147
251585
352862
602820
917061
954153
171969
86391
390307
630845
391375
817743
138038
355867
764451
768556
985649
498307
738979
239376
398079
915457
193149
995105
839712
43927
992229
205818
987935
43248
931110
90341
887756
404101
98920
392764
55805
55806
80501
665594
45742
914613
3426
258726
70267
337078
559759
816477
570160
930436
586338
798613
804473
793838
885552
837161
800381
422300
203489
153004
422301
194003
422302
153005
867828
598691
617600
699996
124698
956156
784906
libTTMachineCore.so
libTTWebViewSdkFlipped.so
lib_jbmf.so
787729
81455
720446
786194
233931
61441
729897
915918
404646
593290
65395
180203
861894
970479
381510
401069
492799
47698
101653
509685
857364
466805
97599
821396
82491
702246
983329
985647
691337
974938
727738
850144
931207
861119
758540
231849
125804
870347
570450
185717
919824
70526
473888
660242
231853
97538
383594
645614
642953
828855
564247
572150
937174
489910
526341
491166
952993
941722
838313
250099
745162
586997
666041
478764
270693
105767
34751
41275
139681
409109
47825
376736
312414
3630
351356
870679
412675
808758
460371
614993
842471
734043
114013
114014
923216
522587
952533
62030
924581
773335
34115
90245
334600
580089
548729
636567
302185
155859
846085
20833
360947
851492
432797
153068
465097
lib_jhmp.so
345674
455286
536330
159105
523992
75245
146284
43728
235362
444859
544872
804506
282327
262699
166366
483465
677628
80284
70721
741183
903005
901053
168604
283780
18779
798466
815607
923609
405831
384820
64152
118943
627633
475068
159050
509036
499897
172465
786921
526272
839683
524422
377835
124935
989705
167168
948701
628397
905539
757108
243410
961082
862208
568396
879603
345139
856017
208658
704923
171166
340548
877769
26825
299810
753547
443883
750201
834288
495943
88966
417268
432634
250221
972685
156188
999044
385238
698593
332394
845117
230395
667809
771224
645493
247017
929869
420896
630718
836538
618064
166039
332900
158186
793509
659330
968711
53359
399016
76450
603056
968717
176310
141124
138737
415632
427547
483635
371886
538357
733196
160863
811249
823699
927980
527693
896645
401566
968733
770529
544890
417783
424047
813317
470556
193884
844887
286645
623083
559355
60499
libalog.so
libanimax.so
libarcore_sdk_c.so
libarcore_sdk_jni.so
924481
455145
279499
963461
444161
764377
885245
369262
510642
402293
628842
387168
359327
418143
45114
111657
766842
840733
5685
556204
763008
609781
305592
246065
239299
179552
367873
585433
904038
958550
158366
356112
835110
794500
199471
438509
279163
378375
202684
642296
443079
57984
52797
477655
745609
219250
760777
438511
310140
925089
418005
399072
287900
615230
932245
310139
110314
924968
927996
511567
500888
186288
872387
182861
962041
587765
191133
109797
998723
507226
415045
426776
665651
611229
581408
670715
195149
476326
192053
80829
508907
76255
791072
458167
552373
896886
97022
243119
756752
904411
581410
156445
439266
832248
390073
72253
912903
570509
797486
672936
566369
870934
386256
394681
457564
214276
690137
481422
812746
634615
358939
347043
392958
866803
429727
559836
959814
219801
747299
828592
760168
917115
173691
134086
821612
292474
451400
54108
850866
638871
623684
416280
329483
858110
325247
336820
935656
805898
803785
716904
276903
413742
955536
610792
358486
336726
6390
23794
821042
510319
56210
832241
701292
423456
792272
150307
312370
207870
282529
583059
345306
711611
303400
509979
726597
418411
399551
307502
891716
231415
996839
324980
369994
707144
564944
8981
42923
824283
579477
592377
60562
423191
541047
399177
552507
468501
519594
804557
735924
426102
897301
935572
199058
672463
797936
317347
284200
784579
31539
549893
844307
9408
467713
853662
261875
838146
923945
160117
954568
729341
177515
163536
87196
669549
789707
795519
207223
964858
247393
600114
760725
246715
769691
914708
768782
275108
730878
832406
535832
409366
360610
591753
840179
269389
557911
326881
407270
787567
224056
889274
14348
557216
109586
390590
45743
569066
281054
libart_sym.so
libartshadowhook.so
libaudio_fingerprint_sdk.so
libaudioeffect.so
950191
438763
896071
92213
649401
726115
596304
173151
326628
337838
899541
975237
132511
368531
872848
936793
367126
344712
250845
947270
778157
508815
555560
libavmdl.so
libavmdlbase.so
libavmdlp2pv2.so
libavmdlv2.so
libbat.so
libbdheif.so
libbdmpg123.so
libbdsword.so
libbdvideouploader.so
libbdzstd.so
861446
974839
431048
357942
420583
405548
566956
745643
879660
607957
536339
132858
198221
693597
534650
820821
132519
890681
950919
837585
756870
709954
404026
585833
281153
409274
308233
142892
432155
54965
710075
797199
240313
501061
459345
612541
934146
650587
61841
941187
8167
715527
176984
768545
860472
677381
195830
359106
815472
625909
276386
455066
libbmf_hydra.so
libbmf_hydra_lite.so
libbmf_mods.so
libbmf_module_sdk.so
libbreakpad_client.so
libbtch_collection.so
246468
419821
873671
611063
716248
500029
813122
234711
889189
65121
667324
178801
545066
libbuffer.so
275946
48190
487271
195632
411431
686640
670653
181560
558873
28962
228911
libbvcparser.so
libbyteVC2dec.so
libbyteaudio.so
999788
982128
10594
519275
706028
583468
632572
911278
615643
86
630517
733337
119680
576215
130446
421424
371587
952878
697837
506483
881231
908606
163550
326455
685162
275662
164170
860639
425941
104105
818694
927320
278326
271564
219822
641047
242487
419770
795539
663079
866349
905528
86985
207290
788993
821936
539049
852709
306467
403754
12322
174431
465937
710408
208072
412404
530417
239789
350479
828757
614253
114327
451975
589268
472652
987518
863795
330876
277804
809821
399018
709381
912770
840072
581738
299491
28589
269886
388325
886951
240987
231343
881128
828441
75072
414635
721462
144244
141245
21856
10509
libbytebench.so
253068
75167
958499
883995
38369
761749
125070
155198
513320
441672
757112
964612
49422
269374
560385
602865
629147
320501
377435
856117
686661
741049
826281
712304
515578
745939
682465
173080
640844
248164
950285
68949
851304
804010
242614
879949
395406
794584
223433
50499
513598
500784
225345
57540
758697
824882
877361
203712
431903
270656
795866
421640
652598
461512
36949
504665
967868
203452
138657
58060
897492
229382
libbytedt.so
libbytehook.so
libbytelink.so
libbytemonitor.so
310063
libbytenn.so
libbytennwrapper.so
519228
746898
174430
803866
399512
930018
12120
942301
260054
139224
948098
613831
401556
543362
971188
501255
9807
980983
libbyterts.so
libbytevc0.so
libbytevc1enc.so
libbytevc1enc10b.so
libc++_shared.so
libcastauth.so
116394
34104
359567
libchaha.so
libconceal.so
808584
36773
841504
982591
475506
685509
519950
895863
221237
472243
374670
376047
358073
608763
894463
486746
73483
155838
125214
libcovode_number.so
890845
741751
761027
libcvt.so
libdebugrouter.so
libeffect.so
895599
896657
216706
500442
817456
762403
811433
660646
199624
1625
673425
565113
519042
215317
311872
794579
811751
929147
870208
7407
870221
305991
756531
432170
298485
632533
777658
166804
213192
206282
592231
808773
433407
699749
425122
879836
294261
204292
226527
624888
69285
372435
461117
865646
911115
246354
873791
294472
156088
423305
322188
978996
14684
261293
69571
550707
111868
836565
433737
717107
411196
988358
583610
791366
805304
88511
768494
319144
973959
300462
68546
libevent-2.1.so
libevent_core-2.1.so
libevent_extra-2.1.so
libfastcv.so
libfbjni.so
libfdk-aac.so
libffmpeg_dashdec.so
libfile_lock.so
272217
689748
830722
465956
89697
501536
libfileprotect.so
libflipped.so
libflipper.so
libflock-lib.so
libfly-main-color-lib.so
792570
605897
820236
268165
libfrida-gadget.so
libgaia_lib.so
libgeckox_bspatch.so
28726
libgifimage.so
libgodzilla-memsponge.so
336045
136347
208876
63729
662740
libgodzilla-sysopt.so
80539
697110
459285
651538
334695
858974
230942
267487
libh3-java.so
136721
658569
183350
219526
528153
716412
921386
727936
330162
655617
582311
40259
484472
45557
433785
189725
576952
671914
253604
476529
966168
238027
976103
827780
952651
447980
952338
52538
991751
569781
847573
236939
155896
472886
326601
261428
895356
470156
63448
912219
441146
769868
libhelios_bm.so
libhelios_fm.so
561171
995955
270552
libhmp.so
libiconv.so
libiesapplogger.so
libimagepipeline.so
libjato.so
839467
891735
107880
720481
940545
5905
412914
22207
839515
24414
995411
11744
448318
175269
614351
955786
626938
674871
864491
423555
749793
317116
850970
21967
279056
13344
378047
555411
377546
180152
704006
61511
730099
733661
645676
345171
238001
134113
897818
730617
121619
256100
526490
993746
828687
466255
755256
686403
901853
34643
393841
973764
567201
933983
889081
22144
595190
320976
20194
681367
400080
746364
512682
377046
700967
788300
738976
libjazz.so
libjdns_sd.so
510659
129447
498454
165148
656109
303985
989846
375256
426670
737940
385820
629564
818547
623224
754887
447881
395411
584973
661361
libjdns_sd_embedded.so
385820
426670
754887
661361
129447
966054
447881
737940
98912
656109
375256
989846
510659
584973
395411
208006
303985
818547
165148
629564
498454
623224
libkeva.so
libkomprese-decompressor.so
libkrypton.so
liblens.so
liblivestrategy.so
354105
71700
238991
430475
808688
477120
375719
821141
691847
94885
904626
447463
13021
167681
662812
391910
797485
41855
690170
884953
360629
116164
434082
866903
370072
807906
803517
219525
664628
974690
748635
493625
513396
402882
653885
141675
681241
308711
350861
431510
173216
895937
964916
633411
liblock-monitor.so
877265
614674
198938
314073
liblynx-memory-dump.so
468397
243571
175426
liblynx.so
liblynx_debug.so
614674
198938
314073
877265
liblynx_v8_bridge.so
liblynxdevtool.so
libmdlttquicheloader.so
libmedia.so
libmemorydegradation.so
602998
681011
libmetasec_ov.so
libmmt.so
libmonitorcollector-lib.so
877265
178813
614674
681401
8633
198938
314073
978689
libnapi.so
libnapi_v8.so
libnative-filters.so
libnativeaudio.so
libnetecho.so
42767
218243
843601
624325
libnewep.so
322233
70480
libnpth.so
libnpth_bt.so
libnpth_dl.so
libnpth_dumper.so
libnpth_fd_tracker.so
libnpth_fp_unw.so
libnpth_heap_tracker.so
libnpth_logcat.so
libnpth_tools.so
libnpth_unw.so
libnpth_vm_monitor.so
libnpth_xasan.so
liboldep.so
617890
liborbuculumadapter.so
libotisopt.so
libpns_ttmachine_adapter.so
740186
156505
429954
libpreload.so
libprofiler.so
libpsiencrypt.so
671979
666783
517811
645990
179291
523677
461794
libpy-cv-numpycv.so
libpy-numpy.so
libpythonA.so
libquick.so
libresource_monitor.so
840409
87842
126867
628355
618970
631323
969722
471192
722954
librex.so
282102
473823
556571
libropaencrypt.so
libshadowhook.so
libskbase.so
libsliver.so
libspeechengine.so
371871
682472
250729
77435
715685
5752
393623
709135
741936
430372
624133
176424
461289
libspeechepg.so
371871
682472
250729
77435
715685
5752
393623
709135
741936
430372
624133
176424
461289
libspeechsdk.so
libspeechspg.so
libsscronet-wrapper.so
libsscronet.so
libstatic-webp.so
libsysoptimizer.so
916632
572363
478868
749152
253178
144994
781940
835646
758479
577377
128035
574332
813708
496018
119710
927096
964604
525903
1358
719956
608929
885637
360312
33690
500064
698609
64984
432317
848932
383522
514783
321545
53911
311707
296337
912800
625601
886216
40787
819276
797620
582781
534001
409690
644457
369313
784699
608282
85810
99707
957242
945180
447962
237743
937416
624488
942306
736890
546317
275391
53935
319817
471058
971748
449114
194653
625867
698340
783953
577485
365034
327216
104774
322143
769859
413245
87942
926651
579108
143508
622027
972547
696780
991310
457707
108846
441007
381180
20192
136715
935032
385526
641205
392462
742977
336147
503845
564785
890104
919161
891050
266974
474260
395960
794862
263479
76724
814923
202765
235802
629715
925900
253002
514045
689509
508059
661805
319184
362164
355090
693464
libtailor.so
libtexturerender_native.so
708675
848663
140606
454568
761843
125872
libtracing_perfetto.so
333709
248985
311465
655947
libttboringssl.so
libttcrypto.so
libttffmpeg.so
libttheif_dec.so
libttlivestreamercore.so
881665
48297
477176
742180
225489
929289
61374
333867
624690
600447
106135
78414
644383
369857
304323
783771
123856
61037
497520
24659
341962
591768
139393
891551
59318
337924
482547
843095
84695
726621
676534
765933
95117
889104
698577
878992
754962
577606
896195
741235
443227
577774
549247
885258
923610
885019
792734
451701
966195
409414
74912
835296
826478
242069
538050
538736
555587
842448
554015
47547
522622
731224
191707
757026
630436
880130
785135
327373
328251
914145
342503
192762
451738
759119
59563
766378
823425
886863
886808
241290
383835
692056
860455
375168
233908
876817
805920
450090
655552
463407
622971
610916
978774
212984
819180
269086
990821
576003
19778
953295
518452
8819
104255
13116
382525
645748
751570
857453
462850
536803
3509
152989
1150
46006
706097
374258
532943
646161
595394
8898
995611
869599
131473
598228
196175
311989
581266
742404
572709
637566
156098
742987
744459
28379
340373
937632
795505
949731
747067
348472
498329
314773
808745
942268
359883
20550
395107
398417
616663
120849
76777
863590
477570
682325
570606
58990
942363
117290
704840
654612
639146
966352
904412
3420
813309
315963
72421
628983
272795
74992
569919
140400
979065
795406
794921
706425
286043
730585
171773
446114
592820
287351
413218
421569
625770
280953
22826
519608
893588
240463
75542
34194
468417
241751
207951
468135
414443
789035
246899
789036
693220
195759
39105
865469
670412
839427
908959
642843
752991
578777
998622
338147
238982
549113
377707
673966
82978
310451
870352
20731
55691
518189
200941
808575
280673
264615
2122
405961
760265
496796
227300
609765
542579
790436
312365
344093
652644
48123
581859
33978
303183
600803
573650
298650
815475
174228
175939
107353
23093
241666
881670
126500
664945
964358
348167
803404
942258
749001
936026
519661
737651
67396
883446
871506
196221
984491
314331
115094
792477
976826
504925
31634
548236
832879
56617
914757
721250
751394
522274
273697
564
805339
451503
928301
383072
32386
890117
75792
28953
647778
930753
726405
375290
776848
192474
815845
500672
94721
542479
995323
59963
678091
11269
58540
389265
945105
979705
875222
528760
184182
68450
251428
68561
320486
429598
911143
243019
600052
998452
671804
723951
292287
452676
290611
110418
288309
10212
914033
581662
484090
332304
401555
203063
570432
651304
323273
71441
452588
323691
161829
62155
888579
524490
641556
221051
208085
488848
601850
557154
590215
308753
169753
738692
117710
930399
44368
855289
715056
751119
669934
399835
548336
389331
130390
115656
766333
584470
194413
498508
260654
674849
367562
220718
441538
85688
301250
440777
810105
32722
883933
806378
352479
141051
873258
26826
540979
917102
716073
191678
687733
590677
685736
280814
977998
863968
572784
663029
680874
762347
632813
512759
23847
642034
649505
250579
390827
445898
565100
486224
204282
206552
767950
163370
282347
200831
635900
403711
917264
119840
402194
207604
283440
838428
382639
562699
131583
108431
386809
174549
831154
947374
460151
307126
318197
562473
331414
415885
657360
836892
705292
434306
277938
776643
533300
917205
202413
610953
784851
118029
710468
144961
16210
510600
10824
288613
535021
165051
98227
3075
233824
733595
357601
200606
663095
312478
546925
732844
840723
968643
517811
2675
395750
190858
417836
264183
258704
668900
432516
620215
835096
99482
513725
979971
134975
188631
774127
277344
634290
280633
416853
150523
808446
97770
588548
575101
419497
952202
979856
263789
277600
874569
160743
76579
362725
964567
663934
129516
546581
424590
962774
274397
784376
59364
797278
788988
842377
302543
220833
libttmcmaf.so
libttmftcodec.so
libttmplayer.so
37328
406926
461867
libttmverify.so
libttmverifylite.so
libttpreload.so
882673
954020
135843
374311
libttquic.so
libttvesdk.so
548740
147701
603858
libv8_libfull.cr.so
libvcbasekit.so
libvcn.so
libvcnverify.so
libvcnverifylite.so
libvctfo.so
878841
libvebytevc1enc10bwrapper.so
libvebytevc1enc8bwrapper.so
libvehook.so
877265
614674
198938
314073
libvideodec.so
libvmsdkdevtool.so
libvoip.so
libvolcenginertc.so
801124
945818
205108
963782
669135
745938
313899
189874
845073
247839
612498
692345
59667
630472
395953
998116
386840
68052
855034
223371
445096
154974
488484
594660
4369
306168
788993
4531
564079
121001
866876
388472
312606
348524
922663
881305
455229
603762
209351
247086
187269
684581
771435
724740
194964
576597
143976
13996
938668
62328
584913
43219
288596
185646
796688
711992
657598
105848
229145
911449
425330
897122
223483
756784
225075
909476
290768
452989
423013
448047
749580
307212
538852
399018
977577
444039
469900
269886
306866
316207
797113
852709
905640
884384
721968
206365
23149
489299
822059
545071
748781
87614
296633
382461
970672
182146
768752
797928
914576
59626
84475
355037
782301
731200
301826
42563
723480
315241
707559
957538
209627
243771
410180
557321
836523
481041
611830
636007
28465
119949
641237
145210
873292
921186
898661
249862
947105
663166
279245
135348
732968
184046
187271
592970
877998
462046
942181
910373
668032
483913
76087
734509
717689
505566
898407
690624
565868
615660
804932
964858
697451
135892
44568
281320
948991
652632
901499
44655
46201
740971
37992
274671
432784
821974
984240
359200
189281
396397
991602
765528
860639
43239
385397
918119
238455
92082
731623
732652
573794
715121
345466
318210
384
836651
429744
988448
578877
299491
8180
360894
50172
105541
538031
84864
964249
265199
430313
950822
654745
222386
829293
302602
592482
616941
967659
642653
480980
59609
580421
698982
667479
130236
802341
914513
103129
194143
443686
881396
502424
73157
204606
997753
96602
209043
330876
74713
29088
28516
938185
804535
389329
174419
772626
283884
744551
211193
58526
329491
53946
360406
379493
184875
476811
178534
260396
218935
608155
505161
778175
377338
164344
218297
321749
833935
300889
976960
295257
290794
881718
821695
832119
15403
729154
363636
351015
291029
491528
852695
975006
403761
551926
837529
970889
279559
733337
10669
958845
11750
605260
38001
270390
37924
111927
269400
57371
293930
828397
239789
636353
133998
322476
224493
823972
849298
190074
308135
565315
196043
578305
160912
296513
167202
417984
46536
332348
696631
503005
359015
970569
309032
154026
97698
642772
121160
356329
965384
850354
650169
495723
943973
373415
707409
269233
643424
637779
605791
195035
684685
49331
864434
78620
284108
582556
482158
532205
365991
364789
524097
684847
239559
336731
18949
41976
42342
301586
523175
808355
21525
853473
602676
104825
315721
391665
437361
71854
567957
58656
416562
230699
283297
928018
795899
189864
474857
520362
29730
844451
858206
944876
176843
177549
776705
777032
437429
428941
250861
496013
256898
646933
279450
416299
334699
698560
911278
959489
425954
325369
87131
588518
266977
612209
649240
46996
252633
326056
333566
622390
439974
496777
191967
876524
601724
223131
344071
587040
641985
269196
284775
576698
438116
277900
312887
626327
575881
818597
876871
630560
401667
42444
519833
720117
333485
732725
868757
457678
731451
286429
14831
946307
814256
525999
993679
473484
114507
642237
840055
148994
955116
83210
578817
685757
790839
528342
980008
972597
792665
250858
442271
369826
433231
154883
662839
813934
137339
655681
895138
207974
579
982615
589164
548013
251956
468509
856446
774343
475293
170820
161292
391460
908363
711128
829969
732141
460769
979416
518813
155699
821301
653775
273961
679606
899235
358251
866121
828757
10032
457691
901965
758856
689377
340097
778350
437109
947249
566663
936730
702110
855221
238000
915632
586371
566245
491649
560984
783881
358996
176832
183073
506483
426745
630076
284475
513579
541280
115952
512919
752005
685612
903834
46493
569354
390843
838507
135716
667714
104689
536497
924810
155078
477597
870854
863857
576738
535731
695156
508872
113227
274476
779185
238923
647289
543566
831412
504484
699595
739329
717962
78469
392201
292762
294623
235633
571156
828013
449871
533851
709963
551236
799916
92591
544502
62696
775385
17574
594756
746173
144843
463504
894783
224491
23619
590061
148683
309529
71283
584331
144244
247470
763724
340642
873201
924419
454005
119957
185037
549696
804426
91886
616173
879670
337008
10509
370421
974298
706481
648463
865599
985519
989706
244676
397113
704508
207290
919656
436785
640261
869769
196853
273936
70945
799953
476010
271564
247113
571466
698337
863804
958557
653056
901503
478670
220174
959249
704387
821724
526969
716257
751245
935814
836825
208449
869007
208450
139002
149453
635935
568669
556352
40276
866862
74618
253347
306092
462291
863817
596575
62593
406638
247825
194365
93504
455489
266226
183831
524453
631877
747938
156358
929776
976569
821473
517343
306296
611887
346583
224517
614507
427645
559767
702727
947827
84692
626971
539049
520451
3541
560568
587122
43874
20523
501396
141245
191686
637309
923540
149979
679747
570877
675719
574707
176627
336630
997603
299178
579519
516590
979785
76581
642715
102217
815617
709770
522904
846101
538300
365298
612596
987518
573546
562460
472822
562506
753290
471057
359629
825723
636367
349730
216064
764325
866084
164859
834575
630353
710061
713944
823056
531296
691523
220365
976535
202333
655825
193853
189030
105055
80237
144724
452908
425974
184107
668156
345947
183310
228924
224282
453267
818694
776356
11673
389777
907848
362989
libwcdb.so
libwhale.so
libworker.so
748236
libxtrace.so
35611
564639
703242
992968
376992
217826
730422
907637
213832
libyuv.so
libzbarjni.so
934321
788164
563398
796221
921149
844915
255518
492211
902016
298188
335012
788163
182881
202004
705668
289256
295732
998399
289096
767033
538651
763942
373367
373374
451708
315002
744152
624786
207324
974187
749459
737448
140155
317786
899188
94673
831263
790387
370936
846035
887849
979257
552731
653910
164152
668365
294008
libzoin.so
